670.7423791901824
661.530942256119
671.8848565324871
675.630233836374
663.1735821047689
673.1542390820402
657.4009771212153
676.5665393476111
664.1340016324174
659.5661703964681
669.1958683213801
665.9066519267506
666.8883076137097
662.1421494881997
657.2128038887655
667.1076503057226
692.5052682616632
666.1848524997102
656.4251293903419
687.8102151462705
662.2045666011525
674.3882762395699
658.8409637995733
673.3464506603315
669.5336224009702
669.7779718237546
671.9072698117649
660.0405476405058
679.1955970196335
671.0470309118194
678.6235329303064
664.9451936476721
677.1309481250017
673.4811770092673
664.1598353348792
666.3248322159156
663.2252758319792
675.1023331767042
661.7210521570876
661.4594022583502
665.3768870040857
666.7999454638301
676.3492132121343
666.1100371868304
667.3257195515032
676.708000898837
680.7266939472624
670.1956919802917
672.7617281158246
669.238862065561
664.7460934546424
670.4441642885392
665.8836031801111
673.4023909653861
672.414158548258
672.6843701981785
674.5058575490648
677.7259434547152
670.7416930386748
659.8467048236515
667.8790894846176
662.0324881390535
669.9381729426881
663.9767598896365
664.8955944351305
668.649616244499
666.2300897802832
676.5175561616642
668.4768315051908
679.1152061087193
663.4934003613369
663.8099194995455
675.8618911415272
667.3761810331787
673.1031738220622
666.858451747665
667.6969682074179
672.9694737099024
680.5072894512465
673.4334518368423
678.5139791977748
667.9583267724995
658.4012798734552
654.0408943216923
670.3767391287214
673.370434955098
677.9526282985305
675.1463343121567
672.7632465173913
679.7318432342242
670.4409431682416
672.591052963757
666.3229573270373
683.6288703692512
656.1933446409292
664.9413181935279
687.1153888045395
672.9485063123611
674.5663344732785
667.7110659464904
657.5572034378611
669.9954854034528
670.1754457861259
665.7150106737187
662.5347538050952
681.1276908877068
662.2719262665588
684.3220338315884
668.6636237479262
671.1332060538871
669.024254764823
675.6543862776239
666.9506752751039
674.2747703611232
672.2621443314385
682.3723332523962
665.4935195196193
679.8946002984754
676.227266103555
664.8909985921338
667.8763394550597
667.3722684718397
665.7135733506643
671.7970442112571
665.3906305989046
670.654564819174
668.114965784313
671.8353745250826
674.3753330979603
673.1781839785423
667.1600918269695
662.8889765619402
668.820443652956
673.8021131518076
684.5836334440904
663.6263577686269
672.9120688925249
668.3360005503083
672.5591019814788
667.1698285542332
669.3004000670168
672.6567956910413
672.9405669373734
671.5742764083037
658.7457380430909
675.5726571096524
675.1560335688376
682.0329085895492
664.1189159818933
665.9247788057137
