601.7829941029037
557.7464494242901
596.6277001948134
523.5228697704785
550.1474875373791
528.9366252934303
606.343009433028
545.1322107722905
570.7101373761245
541.5479695277418
604.44805162841
584.4197016978758
606.4055189309356
604.6875554560838
540.9288921967524
585.3988918214068
585.0917035693429
608.786186976541
579.4323703934742
610.6338645384575
597.5506959534258
590.3815963725951
590.9992295689032
556.5431851639964
575.9449831535562
610.9405723798955
604.3146266806549
579.2139340275875
575.560708673932
562.0396248948563
601.2749528832543
614.2518547991314
608.9868292758384
602.8212901471659
545.0660142487133
574.2917745437322
564.4308666823869
617.4610245561813
606.4120201151702
606.1199850950509
602.123710211145
566.7855127844358
578.7811434836867
610.1599074608538
611.208315000956
587.8135549524452
548.1688605592942
580.0243762963563
539.1579344761603
614.2078405768194
582.6658872953469
531.2834226853932
601.187235871701
570.4770665293603
589.6525014110872
553.6204605271055
616.8919521284068
605.8783665463267
580.4522559212935
626.9762188007687
578.5805344387985
524.4551216966848
609.4700891943667
584.5999907078685
611.9983307076333
586.4733526678722
588.0899794121582
558.0980624332685
617.2466775795313
592.8331247409487
603.8688030454882
608.1491900314525
566.5792460864091
583.8047156699292
575.9261834721358
566.8140303984
619.4132870711363
538.3488454369416
567.648961042846
586.8398006368925
614.8196701982741
618.2936940656115
546.4708491657561
602.0216637658867
513.7235468835654
600.16127618095
604.5013477603551
561.5373177928461
575.777400882524
580.3414113249654
607.4148233898892
550.2056083665657
576.0178490315838
603.0270852469857
594.322369680184
557.8237058977732
565.8257413037803
573.9047115062558
555.6428048931484
596.5896365033715
611.8295577420307
612.918601105274
568.9475804647525
604.683977891014
555.0705644339306
591.6908181481153
622.6405562408818
605.2175708201232
549.0212847711637
561.6299788512431
574.6928932817581
591.792982090283
583.376291137534
539.3782951087309
582.3811227613179
600.8099733287881
616.9873873918285
598.0494889684127
560.5247473314768
629.8699047537402
582.648477796444
539.3016087511181
587.882745198774
612.7947304138397
619.3984871578051
569.6971175837114
578.5028069416167
562.80396024232
603.790924116557
608.4732816427403
596.9631153998046
596.3370265181287
616.2786181332878
617.7762344384855
621.1744549812828
553.5241958653062
563.0340305719268
586.0575249156
576.7447270326801
552.8460055381147
627.9817888463604
578.7977415342658
534.7053248215847
583.2394661499725
614.1320939179922
549.9953533028303
603.8839254998593
632.1395322299413
580.4524659793424
600.654237184571
575.9708246338428
554.4045370405222
612.3172106280359
593.3557308422776
602.7418927302588
574.3655040459304
602.3951470563206
536.9852635434995
590.6497666894638
620.5829847607928
574.3344680478363
537.2489150646476
578.7887013279177
608.5776884892326
543.665385753059
583.0892734642732
597.1046146119497
548.9304465831506
620.8142011040172
573.1072319052116
568.3802780541778
603.2568483679245
546.2905158616815
534.0705274736063
554.610797874521
617.754958675329
637.6655674457423
603.2361431281789
610.1127196212508
556.2758107346611
623.1144410644887
544.565751686547
535.2269810592973
574.9170036536196
615.894257894663
592.0026272433806
595.8447287032125
533.8051155710496
570.4391744768361
612.7995681568973
550.24494673437
583.9492943680923
622.8029418681698
597.9364917164106
582.2758324165355
593.8248886904869
619.8527826418168
561.5648435952637
527.7517032751414
610.5287471213933
554.9832614941178
623.2215546616798
568.5804260451281
584.8707407521209
543.0574905979016
558.3113600129041
607.0887208606251
611.4436093031887
576.0416652882379
620.5714532544357
603.6183815618637
590.7633433980661
538.5677247935158
529.6033321368174
582.0393154536577
572.3929688419144
617.1803420509351
612.386053017645
610.3709559148294
575.360132097575
580.9573142084045
615.2737018956491
587.4314929448644
548.731324940271
557.5608494462759
593.355350774756
585.794956299611
624.5742408201716
588.3502791399894
585.3736908273753
619.9675308427973
556.9190345291528
540.465199145379
619.2332573964502
587.2280994811634
585.5766585419615
574.4592558753284
614.2991797247431
609.274085203883
568.0606790401222
579.2933244007593
611.4648646066131
541.0568522594924
552.8172665577189
585.4777057882408
569.9346631211116
603.8571161569845
586.1864809504485
548.4453388260023
582.5426640135304
612.572566729128
576.3004485094617
530.0563213157163
590.8453335128298
626.8567790247989
574.7716521464542
576.1933052372376
599.0908878011788
601.030615804
619.484318195755
623.5428146637252
549.6651652024965
590.6305139760045
619.150150789697
582.8298069786655
571.8321951866089
569.3805179622656
622.8282671909124
597.9213166205923
548.0053172409378
615.2209760853641
583.5147335421996
617.9635093781668
574.3650285770705
566.1690649204195
583.1414676915675
581.3847111754508
543.6692495795373
596.8118137234861
616.016569635453
617.0850149303673
607.4326821703038
615.8065321032957
573.9528148347027
575.6741118777347
587.8097347745322
614.3106007811606
602.6147982546801
567.0348476954005
589.635670109697
610.8546668699837
585.1064126779786
590.1539350784738
614.8232241288985
619.7496409722769
542.7679208080679
602.0686958268788
610.7258324263729
579.8168516862291
594.0707739299911
624.0145408733401
589.2118265250857
608.3055358021377
582.3777634049524
548.1466158892854
528.1823386837401
632.2424037506385
594.6575989029405
614.4279427227495
628.1704774536702
575.5224951609242
621.3207669965677
532.5656503108651
619.68484305278
616.5556168211873
579.1530043667534
609.2074560943485
585.2235403136398
590.0855375498863
574.6984803143868
541.2569803505762
613.2339555211123
583.812306402673
598.9223950332405
579.1634794831858
616.9979445299077
586.4576286678557
559.0066596457166
597.8119003987426
606.4366067006149
562.0190108166439
574.9377748671152
561.3449083622006
592.6670590593078
596.4634067017532
589.5121249752218
577.9464908984868
615.344302362896
548.1598649214562
554.6341763990802
627.8230349443035
594.3156937363191
617.3327615945436
636.659622555964
606.0910807622922
558.6714278376903
613.3070985938998
550.1996239129797
625.100673170276
585.4037366057281
608.0876283962773
625.1166022759645
602.1701424425025
622.4577368277769
633.7939980383156
638.9390159271222
595.8154635576125
614.6575571883238
601.8269041754677
626.6107623178995
612.9699051907975
602.8450680503668
595.5567570025046
606.3268507894393
624.8508459858245
516.50919419108
597.1859480583801
605.3390088912515
607.2940966271362
621.0863332232408
555.0118661318861
597.2017005716257
616.850777134148
598.8952967383389
619.3769622856305
538.8622144216534
589.9755179130757
622.2750281420322
580.269633450553
602.5833963738462
549.350403523971
615.2842585688385
609.851750347141
569.4576448383693
627.8359604298109
601.1748375820687
581.1942477765597
621.3563917621905
588.9159264939132
635.9403073339666
610.2861522213832
521.4299787585139
553.4073445801384
629.9261734687777
585.587171080689
596.8886233253753
626.1930820147452
626.2315407175548
593.6955380052374
619.082240793115
630.2005267948674
605.0452000242923
606.5119896536288
557.3747783260249
615.90707341108
618.5606472480977
584.7998513086819
620.7463409506298
586.2646357750855
629.3580146808349
614.00930027303
585.8791870398596
530.6749681851663
614.4420365742312
619.2144679151946
561.7068717453931
591.0089751422173
614.2116386554254
615.209206801555
618.3323604694094
582.8081212871319
612.9718327942433
543.341438324713
585.0545002198386
603.6086074270783
570.1370625869378
560.3256281519909
572.3751332080067
589.6770081229423
615.0765884892811
545.692944735734
591.0146543274166
571.2339230814238
626.1356849886126
560.5712132034066
547.4910396353072
538.9586644883848
562.2744290076421
608.0617886393477
555.4230472414569
609.0817029115564
592.1161782683768
590.988835225963
558.6897758096014
609.5028504425104
631.7836657192553
601.9910933603369
590.2363308432526
565.52429753921
530.8641427737225
557.4731800020094
627.7754045279338
614.3734742297439
562.0030806685762
617.7361977960069
548.0811102964283
588.6267595746876
593.5684990460029
612.5513697579444
544.3911976098359
543.7394021592366
603.8550067458232
552.4763321678724
565.1808282475156
600.1104839061856
629.1869288706687
563.0351911464028
557.2124092759705
610.2916718910857
561.6163686203812
571.5618372079755
559.352804274961
599.6303540782498
591.3758334223872
607.6197593430462
616.8190424495779
625.8492208719591
628.0250002051985
603.7496471078783
616.1238265231457
570.0251012894546
526.4711330706533
594.7599008020927
604.5984399132293
540.0378542922562
586.5687598316865
618.4411556492049
627.7042114324252
540.7783584239858
565.6223107356604
546.3261417923958
545.8263061877831
630.45095306354
545.3656192983375
619.5009898009532
564.5542455728579
540.5546078519527
611.512055105419
547.30481807683
578.9804073811204
565.0010357059825
611.8805638015704
558.8511082760241
620.3768523956843
554.9427889586951
632.7819845239709
617.681960093146
625.1207269587672
539.8062786376017
531.1617372003922
614.5866171589448
609.2662245835314
530.6491044778544
628.2574806299351
541.5347473173032
617.9589097883635
566.1726165958756
620.5665154776685
557.3064096644179
540.3231677140087
543.4778865248153
543.4603713848828
550.8045826065648
620.0620000410809
537.6025707442042
555.4862570060425
550.1579439325101
538.4481101741208
588.2660473162604
536.0799080736195
632.3031753475324
628.9514255247982
549.4547030231715
533.8408722488438
609.1842337878628
537.5641974644661
559.7459868585643
555.3947869895243
624.8091976419832
556.6682231135293
564.9353065311707
556.6132175971458
549.537906149018
534.3161432436704
576.7057661288591
617.9341506157426
633.7143175033909
579.0466921294283
555.7487416899706
535.0272303935343
626.8105633045071
618.902736214071
556.7587489833827
565.8901827095602
571.5189444303228
562.5194530486893
575.1604595788668
554.5561090477746
615.8123958834432
621.5898791824991
560.8528707533318
569.3499217141652
558.5529559803764
580.0975260399744
618.4697645685332
610.6702764354878
537.5214271467081
561.479804502328
569.4714406664543
583.6729707512983
554.7040276553778
623.9221352043088
559.5340209591272
616.2819062348683
618.0246039031292
535.4375063007392
554.8677000787825
563.5678985529512
547.7211257633301
575.2431345978874
625.1689954033054
552.7835128605275
555.629434032327
551.0742408163252
543.3623204029376
542.4986748229913
627.732219426799
618.4025747972338
624.2447896505424
589.7484124145013
625.7037785549456
568.0275471344672
611.1458161513231
560.990745510345
613.0205626864202
568.9209681064085
625.5188211654562
613.4153789028381
553.7848446457418
529.5636181634817
573.6920530197531
595.9954910019659
628.4520624440737
584.8128432799117
551.9124156755373
547.4481327113552
620.0673406723893
564.5774176289098
637.246135917635
586.0142425295878
519.4442362434304
596.3958230996185
610.4015388406075
615.6174465974941
590.6638722393432
626.9731978999723
571.366413270651
583.3874119599373
533.2997972694234
581.1277045002647
550.2923430203375
560.6855025385603
587.7255338871419
588.0500496769055
560.8705719512604
583.5509140145214
584.399023563281
549.3178779814734
555.3717056139845
597.6484841643926
