728.6500876073419
730.1454697328297
737.5850517122199
736.9681443588229
732.0010664945539
737.7913321335502
719.7067555828892
730.7941585097675
725.380202446326
739.8372905305717
738.9571840625507
740.0100069741632
726.432166175382
718.8055560231919
733.5271438776219
741.5380991227488
719.3524338799242
726.0975832973656
737.8603024972527
732.1947228951066
736.7818999488713
737.175296705009
730.1573672695428
721.1746848027315
733.6540680607116
717.6787469089761
727.2912818069757
722.1035651979257
735.4425524277656
719.4378290568164
726.5010654104522
732.7505675612838
726.6513405802101
731.8518807507321
722.8774807485067
726.2541176562156
732.3541293067331
733.4772780366669
738.0989615040456
726.6461237947724
735.3746862036139
737.3242342487173
732.9871880101985
731.5277688258061
721.694413595337
722.9499773160783
738.9693237337525
741.248642809674
743.4591043448964
724.2987956139399
721.4722020590577
731.433292751813
731.4138563119643
740.0719871370467
735.695241810963
719.8060763063847
724.6959461637231
722.2701415401781
731.5069042393212
734.406679717578
722.5929858743332
736.9598347353896
736.1605334618838
738.0780652182219
732.7903095399597
734.0002860908583
737.846144958115
720.3105094409987
735.5769159633014
734.1716864811984
729.957230588576
735.0713790504981
720.6866265147223
727.2892880183773
734.5181248247621
726.7061134850925
731.1423851099817
728.5444802832772
730.588264749232
738.1676699582092
735.1329996670912
728.3161301273935
728.5595846637492
744.1592386344369
724.561133877074
728.0725192500969
732.79226759552
745.2232543760803
730.201476255079
725.607406070822
726.2036093773709
733.1211109780431
730.2617586283359
735.9123683292639
727.7674287450966
735.6134757960061
737.0795449330853
730.7869575720044
735.9832105151617
733.2413306513422
729.6141210844588
728.9457099521245
728.5593860384408
740.0647144694606
721.6144031786747
733.9641998083015
741.1349191326324
727.9808144726187
728.7371824243313
731.7076406908966
737.7748802357529
725.9105849758365
737.2141867377005
727.7013850703223
740.8177061078655
721.5927193429585
732.3886572181715
728.5319720059355
739.6843086458574
732.7528137881649
731.5069081006635
732.5386345304875
739.9920304777331
724.7315939229284
733.1381592274946
724.9575555221336
733.1368316487763
734.5698383216909
728.5253646735385
729.0423877845675
734.5161643200458
734.8379636627844
738.2146121712018
739.2291335177573
739.9949812502749
733.7467297699044
732.8272012872798
721.39385839302
739.8851894308656
732.0931609631302
727.0294057247803
732.487085633382
720.0889033677531
722.1962723141849
725.5394125457779
728.0187328972034
734.5730792991052
724.0777438918285
742.9155917519
739.3263051257884
