719.8981609842424
718.5428892417905
710.8582836000362
715.357414256936
716.2159065013244
718.4304459271507
724.2015281350757
706.3449561500319
712.1077189049055
714.9486401591104
710.7263354817474
715.228994867353
722.3304188828425
722.4043022705873
720.6351965614228
712.1116649144237
731.9610030660286
702.2614127249524
720.4297187871578
706.8337056054104
718.8887891835445
712.9586682350025
710.6732899669373
722.3362689020476
715.4380758426046
725.6120120872109
706.0390765784422
706.8671785660384
717.0144216278865
705.0470631862117
714.8326258404636
716.8660198112804
705.2147108249038
718.9333625848343
705.5305621969684
710.0696545227402
711.4392967168917
716.9710417172291
719.2565139317801
718.6671849646676
712.2543500678288
709.6097892635858
710.6716964360891
704.1245775551492
706.492279910642
727.3000298141251
725.3540082013145
712.7909608451183
720.7866916158584
704.8495875497302
712.0354207080446
711.216018125705
716.1071830524317
