635.3667464496876
631.8884269771138
634.0318159164369
634.8050408652381
639.2734064953592
648.1357006966024
621.735968724614
618.2713976340743
610.3705358560176
626.0178675922896
647.1944193594886
625.7420746969065
638.4316602843628
629.8679952444111
619.6295817436243
613.2973882029557
622.2588887163835
638.9716961254155
637.2840626478991
630.524395452489
639.6910496414856
615.4197353112629
623.1899133848601
637.8649047646306
630.0016551251533
632.6429104289012
612.6454641020661
640.0363202602344
627.1863059604331
620.8787989172188
623.4429767203528
625.8727389945623
634.8631500908026
638.0947915494817
636.3938958056367
642.440286032847
620.1250554499366
631.5745440160156
625.5044538070546
619.6553662322981
632.2176087210286
633.9685853992793
614.888611040474
634.7280516301893
642.9068221580645
628.8281476631631
643.2278890609479
652.7574579103799
638.7520690477352
633.6529821766628
636.890014489764
636.5742258721241
634.3342938189821
624.1515743799511
648.6163063120508
635.1491764743095
628.5035229235266
614.9685716700992
633.1904962817698
625.6175990559146
632.8894791848456
620.4559027711175
605.6130802983256
630.9690139015771
643.221332526052
622.2133488695446
636.2888925697191
626.076400842688
640.0591699176961
622.8338345461278
633.6630675595117
653.2936296922134
634.0116513709444
631.9649401311899
633.5884063579269
619.2914632954005
627.4027318690152
611.1595268919634
638.8315208773166
618.4932867689425
625.7672779239513
633.1341145724548
611.092699523326
624.241753603697
621.0164611574897
626.8533096662271
623.298284809549
626.9057615755197
615.4274106484922
638.6525403463424
647.9519099734437
640.8383889472545
627.1657064141855
617.9400138752467
631.1978907473804
615.3444071171739
622.6664611461031
627.597610631503
621.2028437174565
618.2730373280699
634.5644892936651
631.1869034219385
623.8081327391035
647.1013869007013
644.9180210542715
624.5054822882774
617.2083484848929
625.6506392976398
641.2336464665453
618.5807167809149
637.9556886531941
622.7209476935976
622.2716748591192
623.2736662234075
623.2739962221602
