635.7723063853293
624.6109580568765
634.8274806063805
628.2186981615683
638.4767011757
629.0134772574646
622.7452077812579
629.7105072937441
637.1845390731513
624.9529677807038
628.8241391459434
617.5283058282793
634.1794554390992
628.9275681816378
627.0781751094256
624.542809395097
631.8839152633822
624.0820344850172
639.6073501654427
627.4802885199381
628.240578979926
629.5044859610073
635.5802238560117
627.8318967867377
623.349691911939
640.1928213688149
631.6467006570005
626.9770399674624
628.2395389399378
635.6509636570969
629.2321151295108
619.2507650057137
641.072175479685
625.6110565221353
655.3820608876352
641.3532210570102
645.0310632848674
628.6968858747973
638.4455530407182
636.3339377176684
641.6010086494796
630.9455956483115
628.7753257260958
628.9154852707696
639.1494225777054
637.5401520587743
640.3946771721392
637.5146909793866
633.2830580203768
615.4069017603481
635.1070097725406
628.7212265058679
621.9825307526326
617.5711978141011
625.9815157482918
629.7617624598348
636.047207681768
624.889383816415
642.3046966830725
630.0541509236564
625.9117175632045
636.4418878797989
634.0104550615654
628.7815208568968
639.3213804028056
635.5973896642249
632.9034872588803
623.5052811989048
625.9946737088362
620.779606808881
627.3472170015435
626.0912743903286
623.7616261976297
649.1426769353443
621.926727481202
622.0905436473513
638.9163532090179
628.6217675069852
634.0478287434004
618.5299962415177
640.1109887122063
615.3650560915172
639.1568142077568
627.0344506602207
633.5823996865839
637.2612392936883
631.3075172943749
622.9255299124603
633.4588393400566
614.2104352526287
631.1167323471504
624.8821726301312
628.5143268941055
630.3818147999431
641.1524830469197
638.6707056430856
631.2904258490811
622.827140283715
638.8568744787802
643.2222704556588
625.9094384176339
617.3616903181011
629.3021708960789
631.360821069655
620.5054616739775
631.6562378386686
626.2203869348631
626.5884080029291
623.5462742274436
619.2158791562931
632.2182402333339
644.1042151495471
629.6347513442779
612.2186134256401
638.8221247239197
