552.4810470649651
520.8998750636164
526.0278701653103
530.4465546854143
541.0571286750702
528.8168516443793
544.7971939095924
553.3824860631001
560.4233120860324
545.769706931131
552.9467202939285
538.7736007458516
542.2363456708031
530.8848617201419
569.2384044219639
544.1970991885794
556.1177884400008
578.3338781761055
529.85093152536
556.2611379633834
551.4333288241205
545.8124185345259
554.8067988587665
569.5695759613627
555.3876947040808
575.3871773927806
529.2886895444958
532.9438798768232
531.0778821940611
541.4963256676924
533.1599629977258
534.3053534462205
527.247037017583
582.1375405653835
550.5333857295252
537.0426502679135
529.4147611398267
559.3253489900843
555.6116807523865
541.5449048182516
535.5050178696964
519.286572368922
559.473253912557
556.168669841517
542.4042836286917
546.8204095686993
564.2821998167359
543.6533056572464
571.2433139559846
527.6732970309288
544.7341721970971
545.1939129745424
550.6835867813087
533.4968350827866
535.2452363326465
538.8976070749877
573.5350623817875
530.100132492085
545.6204658431391
533.123456805458
529.8656911506127
547.6757923667589
550.9999258145807
543.2355249073696
