600.7373504638085
601.7001696635347
601.0339363026062
606.6835291985074
599.4628445388703
593.0195417820528
602.0669604043967
591.8379640277841
600.1189007179844
591.7953900024444
597.5437571267031
611.3040522903907
590.228974440904
601.1032260360753
600.3972844478249
610.7116854085685
600.6303069889949
610.0268766411913
594.3868000568679
599.7000012432359
596.1719307991276
595.7460271075571
597.2090842550977
604.056879858625
589.4426416501418
588.4869573934377
583.5818155283239
594.3748395122177
588.2622561091989
590.8146321052062
592.9635907962862
596.0909836238835
588.8245448765852
602.6210756121803
605.2496511815903
601.4132121244584
595.1031088199574
591.241197633884
603.786114288297
598.6700593252903
