606.184094676557
612.0972504521999
624.0091073550444
608.9265240262006
612.9690151777783
615.5098639408166
605.8002808599047
615.9228707236247
620.1418717347858
618.072905841159
618.1609089016447
619.3507034230963
605.7015478183063
613.7416088069699
615.239342159941
617.8690622734491
625.0137743455231
604.96288037615
621.5212745736471
604.2657587702003
619.0459593421459
611.3538918237819
611.8190818862381
617.5515073545043
610.0000295994241
614.3414656773673
610.3380248307343
614.1035107771746
619.3786907199624
618.7820799014712
612.3522391495087
604.6391557189166
609.955916393496
617.4869727023951
614.8725886111591
606.9967376154474
612.8181102764412
604.127574133326
633.7780056552915
618.5746934615809
612.945830417628
610.8047070136927
608.8808355563398
603.9898784314406
607.4155438263826
621.0954194435096
621.7566335779854
596.1467481599896
626.6965439326268
616.9606596758043
609.995674163364
615.6947892357546
618.2500411957707
608.0185455910976
610.9389955618625
619.469453743422
623.4191119899375
626.0013537366192
610.7768668523557
611.0210047506433
630.6255016298063
617.5374083324623
615.7408145593428
598.7098263024689
616.6107933142104
619.188851934923
604.1833568537526
613.9098263127862
620.1499961919131
602.7529071694426
612.8791791920055
627.5399421958067
616.9927326241487
621.5265171131404
617.822147346709
612.8288606383857
608.1631849280913
608.8819348817832
609.0073247379124
623.6175567560373
