592.766553587967
580.076569608615
576.9976143815273
565.9880174251241
570.0515422734792
591.114482991975
570.8379879483524
571.3327634953089
560.0072014693958
584.0535406080988
555.4062101851479
563.0819744399871
569.026930118781
575.6262654141401
586.7120603559687
575.2803687010572
575.0397767665071
558.046253217551
573.0585331069946
563.9555411765477
570.522775657838
587.9874208317306
559.2156177349698
577.4208434680245
607.292875881837
562.4793061044386
564.8561612033353
579.3902798676767
572.1447210999527
592.6778830911516
567.9188671225597
561.4912485412867
565.2975810299044
562.3678506587056
573.8108912706504
609.3168283460869
553.1756832735757
580.287996178913
585.5164436580508
601.6886294304575
570.4927960703013
574.0906398129538
567.1212126318065
594.1243212564818
590.6293021558026
560.1679944564543
569.1779370754243
581.7949528909373
549.6691268361494
574.8600269033057
558.343644826648
578.7288696929032
577.6905960900398
589.975839317622
587.7964075278197
593.2541188217291
580.33971048437
590.9209328560909
579.6155727440914
551.7885818018407
553.2063522863499
597.3510244240758
566.745081776619
603.089435463596
