585.7880476609616
595.0243186720893
577.496794438307
584.2644676698254
586.8283752294112
580.65852181391
590.5460021034019
577.4431386711685
588.919926759092
585.5867721267845
574.0026459532613
589.7742936968664
577.952616746202
583.388249038921
582.847731033438
570.2875167275406
575.5799753193579
580.5272993054283
593.7305756521876
575.6208269266979
571.7306703162274
582.9430638162199
577.6519903089293
577.9269779889213
573.6860927865098
583.7568751437137
570.7114372428063
579.7248416066769
580.5508445088605
577.0995949780245
581.0692235409156
587.0861454132776
580.9524950733589
591.3075149344361
588.6344651614743
583.5625090752964
583.5786395043592
565.2509827145235
584.4455643295136
577.3273988720521
