541.3546799346772
549.2955922175985
561.2297249142755
542.8165014325548
534.7494957992964
549.5867652357468
558.0158266257596
550.2363911529213
553.2350142275452
552.298888007178
547.724472808675
564.8291622361993
560.2637506163148
574.0602609572269
539.8296340562181
552.920406678711
547.495777621734
569.8017437731437
540.2915419351515
526.5802577472587
558.2193994965423
563.0558134855993
536.5256135273455
563.3785600586914
524.1297440226392
555.3296371597169
549.0978931719897
556.6402381556827
571.9102693504763
550.9584042832553
542.6276954889611
551.5147985180789
538.9412670518187
552.0974700590687
544.3565039361176
543.0684598203507
533.5985919778087
571.753073784756
557.1355544694012
533.8374713694449
548.938893179133
556.8264614100261
558.4165645054036
555.344759729662
546.9867694968862
546.3486892688862
543.038410758929
563.2792791154375
576.0868078977745
598.8871089509344
540.8697075598226
541.5539209456018
549.3599837999706
554.8788303344254
541.3801474725022
539.144528980593
554.1005844588702
564.851559754333
541.1355245546029
564.5546905480242
539.8459365907792
540.2947484387346
563.664231358192
558.3089462958726
562.6982711423626
546.0142920708269
562.1869603751178
551.9940837113996
553.8510235666897
549.0868201345028
577.078286921185
560.6898648898637
534.8376314593612
549.50995460299
550.2583263438868
589.2853513742916
549.3596962463406
572.5857496880365
544.4799529484002
547.563876937316
562.261718848773
549.1321700142296
553.847499996512
567.2044937906403
533.5130777995188
572.8839103869913
534.6483640570864
553.8334861096617
547.2847045244139
540.3644987442323
565.067783062236
590.6063533165285
569.5664509165025
551.6578121835543
544.8244168261817
565.1543711670245
