595.3575357938945
623.4380775398382
612.9584757245518
603.2951428763487
607.2159732377711
607.1032053667432
619.6351117111046
601.9399809912568
608.3082634558059
609.8552448562235
615.362894931049
615.1986317274983
595.9072466229771
603.565046589783
597.9544960816356
607.9642550482841
601.4736356591366
599.3980488765212
601.4836039205317
613.780915238413
607.8140407582961
608.1179921318051
607.4098451795818
610.3071596297225
604.6509932036197
609.3148395120656
605.2324073714462
617.7927883674317
590.6883777937799
612.5061433589585
610.0895636457196
606.0330534637008
