601.748540079096
591.0658707475635
592.9233895219406
571.6913480455531
596.4348744682917
592.0495690281447
593.6544629460128
590.5434960464795
585.0839272251319
598.7145390576317
593.7923377218201
588.2072450371452
583.2571645866587
591.674507186792
586.8875925804954
595.0773511364004
580.4518259813659
584.3191106682618
595.6402791247865
587.2229509532825
590.7578540110094
595.5145465675212
589.4057324880418
586.7255419425555
585.942039944904
596.7437490742126
590.6449033843194
594.4387197452053
577.851183172273
597.1619898516049
587.7130451293679
597.4906409700029
