611.8070463149216
620.407247388884
628.8441535810736
618.4956075411737
630.5343608370467
624.5230454820211
624.3376577726698
606.791701619297
621.1545498728773
619.3657285746946
620.6865082120225
610.2855033599155
617.3745930864117
606.601580056282
612.2897784176662
621.4091103162252
625.0351449593002
618.9693452901047
622.8094406564352
622.9418767954195
627.3011250649939
617.6778131481451
617.4899257304953
624.0734064802192
631.1464224799867
622.4099792313255
626.3919387526785
604.2542084606683
618.02586691284
623.8872900119422
625.188646738259
613.6107990560521
615.0499944215208
624.4137585458427
613.2928153728161
625.4552421667462
626.5198828453949
619.4508162519163
618.269931268837
629.1643839991764
621.3163151787613
615.115018938466
616.2046631058527
615.8582274409556
631.2749819378272
614.1674335714724
627.6946690812509
614.9182934421352
611.9080019598047
622.7008605857434
642.1736433411728
618.7721409862252
601.6135365674456
612.3480847062059
622.1393835030378
617.1661496265283
