268.7566124942675
257.9668057821238
305.35559719261573
329.97679927535364
308.42485478670005
317.0046314988192
307.23009089538675
290.47646904456866
324.35757057552553
323.611191593176
321.0016732221416
293.3763192359262
317.2804412176725
292.9204126129273
334.49610526021775
322.36928588666007
318.1428153741602
319.5566171331342
358.657346927349
308.14670640141026
309.3154314381415
299.85510199124775
331.2593300850806
334.5111493120706
303.93144574068873
291.4163349578347
319.40629076828884
277.20415933549305
296.87832617449783
347.20045070350056
346.84919664717825
301.4582261498591
334.0779908321338
305.1194426423106
349.9251947439085
362.986506330421
369.40405885222
287.5771958097025
306.320352375968
361.0700652874506
283.5467798930555
318.33281834918995
301.5519844201697
318.04871650310946
307.0128054707091
336.07402390306106
341.36992535010995
306.69904280356417
344.02388503394184
310.87903760631986
327.57739334463395
309.12880493209275
369.8291059056997
317.9315406568878
349.12618813666705
321.14665501416204
309.6594483231618
303.6984125294025
323.7842814528087
298.0258440867151
326.802548001321
347.0177778467202
336.93235638459254
334.8714515023156
300.2568063690407
328.27035532777563
296.5501544833739
339.38470993344794
344.68098525655836
336.2069508068205
298.2603973027114
364.67843545869084
313.8204088712409
331.50755737587303
289.41677123350934
324.3284966825113
349.3505378359837
296.0530141280247
303.46122423897936
320.32281117879944
305.5906325986493
311.4699200144052
346.3122613694811
317.35701232242235
328.90816808785627
303.5293846957786
300.3336086397002
304.2579168485077
332.8144870453667
309.0545114506137
337.6645727613969
363.09751818278374
323.42124985207886
353.8616586811156
346.80979502057994
324.3629722750335
272.63498814453646
317.5155476091483
365.29549237730043
327.25516159749026
345.39563479513924
304.92535389085884
293.06533000681765
372.73490846476625
308.5204242533545
309.08739972046055
354.4657195017508
299.26429205970294
342.01395525118835
315.030035386611
287.3508828902037
328.91113549572236
345.0752434251603
309.9784607732519
309.38000425494056
315.3392359279902
334.24543876523603
316.9772418795934
304.48794528706117
297.48625316576295
371.2048866397026
269.07154540101385
325.68814847030296
311.9645479465765
297.0054761605215
299.2628129270498
321.1557881659009
276.3239198910812
367.21470702445095
307.46615345907196
298.3560381888901
330.42585401515873
317.6057966344603
344.1603212798239
325.2851881426679
323.932377953384
327.95108723551226
354.0674630614352
346.80526149817837
312.8903306689916
281.4365416590049
300.9583998680167
349.91053179075
337.61684027732707
292.78046767314174
272.73388090174143
314.4752395777575
360.04296857085933
351.8327478368828
338.79351449033834
311.65521633254565
340.71902574359603
289.79225356875907
318.5543141856547
307.7684310352546
335.43697608540907
305.98913658297556
321.41609418049325
304.0082876708126
330.94258878044496
286.001768108616
349.2008011410836
307.3364712865433
380.14475140174153
345.1259110820867
328.0640839682897
302.76379714363196
302.880887852044
295.63279069651884
333.78747740119053
312.6184188379049
298.4479388672575
287.7993000233435
324.2335778115231
329.777790924012
318.3439375420651
332.1963988522073
296.06606129271523
318.0684257402803
309.6736767908343
321.7284275740274
320.11457058217337
319.26526385591933
341.0542383239008
270.7067018815173
339.4640967422368
287.0212434010621
322.6974213626527
306.2741072693096
335.92851835904855
311.78558295916025
358.3397447845011
345.67816359686435
300.92943614809894
330.74363220581915
304.4248337026957
307.3956016261808
300.13269189828475
351.007272646981
348.9087704895558
290.63067913454853
301.29266697959656
309.0299451376421
326.2879131317221
354.2260428392602
331.0458653079952
314.5219252039323
368.01736722169153
360.38190756653245
287.70165056136807
305.9625146177658
316.4930028763408
296.71404490191117
309.7423220262751
302.1052141397796
307.21067188903555
359.59004831835074
387.6280656382665
322.87860146085484
342.1530258984959
329.42862749886706
324.3629333395472
267.92366539614795
324.2309714745808
336.2062268397211
319.95664331765715
330.1908278444949
353.4467253902601
321.84117613681536
316.1683955364945
338.53092130911966
335.2936801670444
310.08612802032593
328.56746678388623
335.96745713356773
270.44855202120345
314.33252664292985
320.22539855497115
312.67702667001004
325.2137771219871
290.7850453853974
327.7211825739133
332.42160757881663
314.3894991157391
297.79793272551
366.3167122138843
333.2132343719379
281.45389895393663
346.9256979455311
365.51419566900455
316.15674054794044
289.4686873342679
329.75431635063563
334.069999568396
305.6431512302131
313.08211308906596
319.4121021929791
354.22062103573427
357.01889440986673
358.10906702651846
356.32854627372285
256.6663713675358
352.8465368849264
302.33395310683403
312.3902844083295
376.0161028613327
284.7437721002447
312.68065381026196
293.8886724991556
373.4852775202777
322.66525952456055
301.1864910778332
336.10134369256633
330.7861358386362
333.62032944201326
308.04399121253164
290.4955957993608
329.80872786167043
320.61641268807915
323.916164962768
347.9139705227095
332.8133590419158
282.9588596850641
327.3461126677934
351.68792740011935
316.3904607689554
314.61996634710266
371.1803942773423
310.07325474892883
323.2008908162439
335.66226786089567
294.8995370473489
319.39184627230196
311.87210395917896
309.0837358583251
291.71991819931634
330.7285558983995
384.3234159327282
323.08013376378614
319.5066361677787
311.7253008512209
344.4358806743393
361.1225119014225
328.9390669665553
324.8529624531502
321.12183559854
301.9505499358059
340.4769122578585
306.7430009573362
319.4286836074498
340.6829668524873
328.2536681210695
291.0259376820177
308.0046807615422
334.61392909588415
349.8750009280881
315.259783594838
314.5099519235935
351.04027654511117
256.92940325478804
310.08186052971496
342.09627653016935
337.81581987343986
314.76840998810866
298.1022259385482
321.9235607713159
297.28879645543265
337.49886224569923
322.9829982235436
317.69174951195436
333.1305049639992
343.90885539817157
329.6827963470523
317.8689343500669
349.10155808517186
362.8777733529624
330.31463257445745
307.8059302601683
326.2715742789835
315.04235140970627
334.1978202021776
324.2595820899697
344.1734792355514
300.6374464941928
298.1177878348393
301.222902024697
325.0516325321257
322.41494931937217
337.0026034919801
313.3654582123408
344.34822674590066
316.5655387945598
310.80541901222614
289.8278530420699
317.4556210366964
289.538638734643
287.10059781827925
298.8934150348587
344.497038248142
332.0755324738799
291.7534614584294
299.49843788222745
320.6172236365938
310.23695733203164
307.84583434040474
354.1978410335205
348.228727925579
301.7761922790467
305.41363413392537
330.0168505562139
380.00112160570865
324.6322704308662
348.43994045384073
353.53490937818714
292.6565314858959
308.2849762830772
338.2587642860721
343.2205582070281
319.4071925323478
290.04639918892593
319.7365181366475
335.2277076962944
297.79385161206153
331.39346814801246
358.74080381833284
298.0845792646818
288.6163461149138
304.02061687913306
358.4462334754227
312.74661905713117
286.6870961429426
292.5791480729424
303.1084850158415
336.1921934274968
337.6674812438061
367.37504616094094
297.95707079751224
344.0311522694606
309.98806578324024
