355.62735570085505
376.46780833367615
376.09035759409693
440.32701310497634
369.3750774352689
339.77600141551454
370.0440576379893
410.83241218622874
315.229987101659
415.2804173324837
317.6469146082382
451.7845391241493
432.9781858472104
351.985665818957
392.2549647271917
330.6290399495145
357.319479349017
341.0360204555331
314.9743532580663
367.8479061403674
451.94104141253047
318.43621424761903
313.67443459225314
325.3130988180018
325.242728507523
360.3525590009627
391.3717802114734
336.0821565901261
397.95167669489035
332.76239136264047
398.2318480827535
346.5231316959633
393.83964652696255
355.5867947369268
351.3675710112006
352.7225964121428
407.38618437731134
370.39879010058775
349.6653237619541
301.3394853910626
415.49013061145615
329.42098264414915
291.4391246034929
398.39110207865167
459.58018269453896
361.8604012436872
507.01277317986063
390.14959504112846
336.3584901769287
388.9418747557885
391.90579460776974
442.5331006817896
380.218373124179
341.6089620773667
346.9422615729368
377.7747038891317
371.3366104160093
394.5838053284288
382.68128792511385
413.07299216805916
373.28701614777884
347.13705482085516
394.15286694539355
344.7539239088877
413.83399043916626
418.8105407638293
319.161257829334
355.2947896636691
370.1427608548023
368.1338273823185
341.4787967221559
423.9012729111818
304.2514927500689
354.4709421153252
397.3442390246938
409.72940498279576
423.916334593426
360.8505989626889
360.7122265453182
362.64730767960225
385.69441693647093
336.56447603234153
415.09414533172827
419.19389780090046
356.43046528083755
360.16871202335744
371.1595325059943
396.68398605590573
341.83245512033443
377.8657018313855
428.36385539704423
381.1937680372913
343.0600312068327
332.0151312357082
428.749471332551
321.5309166179028
369.46747803418816
414.5161214982187
367.3029143051457
402.8526502539388
385.82284148537724
366.68889315135095
388.20925087606486
408.50812125156534
326.9633376950077
379.9369888110952
436.0037552291801
412.1649313307694
347.1400711947996
434.71952233715143
448.1918205923727
320.1253267460458
351.613451569806
349.4827746045613
420.5543884132686
364.089806647671
356.7595157954214
409.75509258178266
371.4362153695823
362.61789136986533
392.25403085430275
408.08749310446655
431.74280247084374
429.5887344188718
374.80530778741235
348.8186096830853
442.25726963694177
393.69434736549744
324.09080679918026
437.7400396599277
393.6470116721242
389.67072249149726
453.2881627772463
398.31085233365275
356.44361689459373
431.6154915710099
397.92055455473275
415.29824401236317
334.63927978081904
346.0794944883471
323.4852263231753
361.8642321003817
447.0899792186864
353.43332585667133
358.72041993421055
431.90268437479773
353.5971747761346
401.168197595955
339.97229321637724
338.8391189397319
352.6583882377727
424.65083874001965
412.82278468695165
337.7048026668697
380.12889456246995
312.88767820914796
291.58529823063674
361.9769631194144
375.14773160792265
397.9986386852734
412.78497099044995
348.1433183671448
328.72659305360366
375.32074112718243
376.0359551591463
378.9471630280318
352.37567614061317
405.80148000419257
365.1710594670743
431.1296525340813
372.47862265383486
366.01445930115216
363.8079126589259
408.80279338645255
362.4945966723471
323.39226089989813
422.24435781441593
399.95502618333694
366.590990297949
466.1097320669008
387.1090619522149
396.2166250256999
342.6609559568857
389.3648588272601
334.0035083794097
456.704356244884
386.57068316117807
318.6000688211466
343.65102996647255
448.2532387810045
368.04146687084307
440.37150667262785
324.93618402539624
383.2476054474266
334.345057539362
387.6846347731215
375.1134587081145
305.0729107968762
325.31970724398235
327.2727491997423
403.85735716868095
328.8470291746608
397.3135606492573
388.5440596272448
372.1950622767726
349.4738537790962
378.3806852318526
384.756436465545
347.6966372910273
348.3653951428639
420.3436393953526
391.27760518018175
366.2248998910043
385.5319031535182
326.33126084961503
379.55881516303066
365.50780241667627
365.9528473733953
381.36737250105614
337.97065412656667
397.73309997228216
373.86203405063503
472.3794513207241
372.0741919284005
354.94292714250014
370.9204530160524
361.2785156147019
407.06720309464197
518.1095771729516
405.17699266835564
388.13392996712355
432.9398356707248
489.50719678582453
392.72925681728856
372.61906598833997
362.7268207671107
344.90536640154795
371.0574451553265
338.08478544338243
334.2391877292537
454.60605206494273
378.1165986512315
364.31634537624456
353.63786110368903
370.03250999295733
407.16024917132046
371.287296060435
396.97299716529164
345.7040321906627
330.3470282721974
501.53163937200486
415.56959119263615
347.3550074539072
420.65027737790984
394.8524129683883
409.2242741491429
354.7837013202477
484.0443537206214
371.029309055289
426.15576193451705
384.2419893815749
396.7569946635726
380.3227239621369
360.6365890723677
409.26295091279655
449.3575688319801
370.5363852691465
385.17535614164274
391.73796884708946
386.2128774278705
374.6976183767898
365.2363700003094
344.641167470052
344.22768954924794
414.70882215410523
374.10262433907997
320.8485557064608
327.7435488877291
304.0582615084785
375.96048617441375
329.40561149053786
413.15758558846113
375.7667143325456
411.7918516658716
364.74199815281565
386.6503130957056
361.1038791043959
421.9455694986863
353.39770074557094
320.2791812313594
384.1998079969018
401.5435820889762
360.3187455055477
331.92641140135277
445.563585921371
355.92689360605
469.44623180426777
338.35826014919576
438.2387813817762
353.0560062602691
393.480318946688
419.9820248646741
343.8313625125886
408.8599139481832
421.44648225814205
393.46955693270803
333.6634694664468
315.93213133112494
346.198564609663
403.0651433770541
350.64745482999166
337.75095796740646
362.16347387011
293.1099261054207
332.14554635647477
421.4098127275202
484.0412659766573
381.28468918155755
361.75791348853807
428.31062589029835
365.88688892214003
404.64340296780944
362.0625835471787
345.46738747399877
336.474000203138
381.5890654036427
338.84291185454333
359.9271487446679
366.0183587453381
368.64131321316427
337.04341104540185
360.05551981299385
412.378086342314
401.9232133873776
400.6820492285035
367.60157358712445
457.3373308154008
377.3994699643345
374.5446014701453
366.47797016853065
357.8297224408826
402.4946730792664
313.6798318633076
417.2763330145856
400.30664552067776
314.0920945132485
360.2456973900684
398.1266910662713
373.4468491932899
414.12090279592485
361.4995037836573
462.13533286675363
452.6071553512509
358.7696755802286
376.1345552803435
372.7435536362467
393.9021670003015
327.65231967501353
438.0695639831923
358.80261493408665
316.3626801491672
388.20289245693255
330.8923285506776
325.14531915784494
389.9349827883827
399.89544044093367
352.7038040885206
312.2733046159435
404.9564432615929
338.4255043449273
426.7923754220548
403.2944797154498
410.73919823230676
335.8450721715157
344.2250414968064
434.9878953610408
378.19633625623095
298.9498283466736
394.02465241927683
412.3946621321724
418.8054304994613
329.1476362637688
381.0738573349119
353.6155397510726
338.127307732333
396.3033634191277
398.6221324890204
362.193611679217
363.54187531099416
402.95087021252607
343.6393267505806
399.77350447457263
408.37208509096854
347.63912668469163
421.7255336185048
343.3343024733171
426.7046890707568
406.0495994391539
401.34811048703244
461.64841464709673
357.0690509387895
347.4194392917645
384.5649380483397
370.1194902898018
344.8658684019508
341.36508618926933
374.869948317685
368.6337546830489
422.2908846994573
388.1272826748487
340.1831222635391
395.0472747897025
369.19221857266774
373.96434771950805
400.22222160537035
385.1574251951931
368.81530418297433
385.55044815193986
365.608843316349
369.3588446975962
402.7038498355035
401.39230209836677
334.6290377357163
443.324516937914
384.2689562342968
357.0923136330173
375.9288344007901
370.3763452587576
330.0180155289058
387.4064412172894
418.83161646710204
339.2728900592448
352.17436029943764
372.6622723634924
405.0119262129451
349.67099143414623
342.1659332657543
463.8852362705693
428.86877050552175
429.1124338337323
363.7858941733347
388.3866245608924
324.3318623309374
392.4663721317499
367.3696932565659
431.5597463244385
391.200381213243
376.07591470245944
314.1608879867518
417.61581006747184
375.03631195042584
317.4776410014574
363.775072937306
362.9363572782811
388.35741077257256
333.4325572579326
402.0775244313176
396.11889443120555
360.18549176773416
363.8573297783188
392.79328069057186
408.19545635528664
364.4649379510171
332.10880363780467
375.7605542895726
432.3209134542513
422.31617452255085
411.365735165028
433.82503257734044
338.4828861184036
367.00391709836407
364.60101650240296
340.31828972899206
424.6674632477822
357.09482800493856
310.87682489918404
386.6890442118075
372.63861129917933
335.12468669177207
408.9688763242929
430.10703197472003
410.6162221032783
393.7964107955478
441.5411692561402
399.5443275422418
324.6791845055398
359.1712935028117
414.9190872488668
421.013191145851
314.6148026196169
331.817184617771
416.52527157311135
348.77340480511504
358.5497200062729
330.07616270259916
429.1987386595873
455.8136851867678
319.33354132259865
290.5574373403876
336.92726090064406
408.21210046586083
287.73547266507546
360.3067968899158
435.7575785034269
381.0654544735077
384.2179807812384
389.2602992092367
333.50342501387416
380.33402353848544
423.1882045869185
401.2089713274748
408.2367349878293
355.4276497555227
328.1389684700345
415.3413021740916
348.2899257502092
375.85964388392813
451.8832466281244
384.521588477167
375.38870699171326
340.3810489959411
444.6786734844964
368.8470744837935
430.1693361086907
336.6148424923909
314.5102716271723
374.6955789367171
427.1029470461483
460.6152571756147
358.02146403474615
387.29216144351284
366.354236073044
340.64685942639426
399.4562868563638
379.47995994766234
394.84739059166196
404.93445367746784
373.0413778885106
348.848103964664
445.6163589399842
393.880481715578
381.7154855052214
409.14198496138664
369.1402333168972
296.051927908992
339.0983391801819
428.3044489306614
386.87899886425936
342.43342175723916
358.01995916754873
384.7339786418391
377.28026142200866
425.8246263528874
383.2208843657849
270.9613769501583
345.986155205812
409.72739310945616
411.25772643688015
362.5500076465024
350.76800994763573
411.3048984097106
366.1653641535877
326.30397537684644
349.09020902332816
407.90462933501686
340.55049418918713
368.8009936272739
396.83436622330186
372.57768482556963
423.22974346905346
415.7490582093738
355.9497194307604
368.6537251084036
367.85416838201115
316.8411948724683
383.5695331896823
328.69432617624807
385.3434076011878
349.90726204592585
320.3121911594349
451.0760195119682
389.12979439825443
420.0730164565617
345.234729115945
339.71612942138705
356.62817605502914
358.2233529459527
407.3668134489876
