385.87845955644684
355.1221378155257
363.988858068421
373.96022962234883
348.51923713012604
359.07820117545936
432.4822375858265
326.2133982816645
369.0929690712054
395.9411348216585
445.03286742040837
402.89707814590344
367.88330959652865
423.52701684807374
436.7628926451843
383.38572003699346
375.6512068378542
350.5518531303471
395.98605696147433
340.06651838007804
385.57678037327753
373.9739851312401
349.8670327289662
408.6339279063158
371.2064797955635
371.87160253139604
396.8678027800064
345.82981275922106
378.2869984373965
376.14204130176466
331.349470805662
369.2096673318945
387.21259183369614
348.0198731999243
400.34820096002454
388.5250105316079
377.43514762368295
382.4216519098428
414.7210386822645
339.17907152660104
373.4258111969632
368.02342698609664
351.4811355214373
394.52179610222447
392.08440714213896
387.31955309445965
326.7869667389253
357.26625469099565
376.55398787292967
368.19230020275967
323.3969332596681
351.4003835890292
374.4550843311725
341.0584833717017
343.35456627748107
401.1854907203524
469.0336022408938
408.7645890720963
418.16903504393997
441.39198068584057
345.0106961381786
347.7416474246107
363.82909896420733
299.35447320717145
356.4627733795883
427.1582385550553
430.097057350284
392.2914301454813
391.0458841718308
411.64799970838715
349.9370520168289
314.99791568333654
325.9470352329916
397.90794883776476
391.6993888651709
366.88716916703964
367.17128718301745
436.8252774982745
404.5654279376857
328.5726242002252
338.7848917418051
332.40202133348845
373.5863839406292
387.562816531263
332.7274414935855
353.41496885430854
361.63077969805005
373.6469124644421
351.98255171273667
470.32404896132505
397.8777657911576
333.58604581385595
350.59210126371966
430.6426726983143
358.7282125689356
369.97780499172273
379.4239878728798
395.21022855932085
363.63127243799914
331.5562921530879
365.4120631540547
384.8215786885387
365.86751184036893
313.7552199223657
397.29575132026497
381.6585944092747
387.87208502146603
392.8865315634978
375.5853822735043
387.2876378140743
390.09792721064565
432.6046876263652
499.8593264317106
391.495712499286
307.81542638705184
415.1880731521185
395.83450717516615
321.7230538020165
349.8101453224364
339.88591525865564
