314.7194837452752
318.77774536419685
317.4399516059002
368.08156981149966
344.02462047079536
306.39184256941365
288.665150665498
312.875075802901
299.8993258466229
330.9183414010138
317.89985246920384
297.1661347734035
311.77022705803853
371.37790676715883
308.39308487225185
350.86023985779275
268.8108323739945
326.65206725199096
288.6253016089707
289.59347396641715
387.40042523349973
350.09729707881286
342.24728606195043
332.70366521120013
334.5343995768586
312.62772449569053
317.61248211937624
276.2441007411503
305.54506057013407
324.9709426805006
328.36013521080804
303.9512245602019
341.5305883587613
369.25577537909203
345.3067617354992
347.7633536519959
333.65660038744073
360.53754214080567
365.69659109312045
322.2093323237068
334.73507539743895
305.3712722295095
284.1855196043345
307.72497409454337
291.0285185646879
319.2391446015116
297.42454232855476
294.10189662262485
322.6021403964649
347.70352594244844
312.44795471463505
323.1388700871605
325.67218942141545
319.0633496264509
303.517908661892
337.5535264076445
311.9428333674469
309.47965127928563
288.72324655615773
363.75476925552925
312.46026917741636
314.23661127819736
336.0296563816768
300.0193694325889
295.74108913817224
352.6226190880437
382.40599435719275
314.4858581419404
285.02947322296495
353.5085521242357
337.9019603935506
294.7237538235095
350.4957314116572
351.6370588095507
302.53632076173517
320.324578170511
308.2078423819601
323.7044224954563
305.80786014494095
323.0330601061374
278.8660432026439
317.70289410704015
282.20417515053384
374.26185886601166
370.6706223529925
305.01108046615144
306.0600658043493
364.1918623274034
322.60856270146735
343.0398783426202
312.1959915645779
319.1986242692345
328.0515244355558
322.9830899870808
300.96480125031087
327.75641276222683
327.9808666771781
302.70628317421335
327.7252144135347
311.90391475063893
363.1760694009589
368.3329047184925
