323.7018451097808
292.53317155258844
323.2053907732201
316.64993208573003
295.6388157477639
297.5325043727298
300.81495010093994
296.8706853705467
325.67367336029383
298.8149463042552
300.06297063214424
323.50877309957804
286.73342211055393
309.71673120554175
314.37915114786523
338.1474870528424
318.25277836969224
313.4713649502217
317.0659075384732
347.924297681304
294.0480967647444
295.757576738423
291.9803405507595
294.45803312340416
366.9702111137031
290.03063754350757
360.3111860519011
346.6173748107419
339.0042434999882
373.40432498054304
323.60120755636376
331.8815537715012
352.3635245184775
346.48416208634217
292.14060361313625
314.107067253287
306.34760796596606
301.1160420712891
322.71049897823735
330.16068465216347
316.7565670654433
339.813275191599
308.8446123488149
322.0872375692309
308.9813566248994
272.93520107037716
315.8608394272135
306.1628086714978
324.25190415416773
331.16530877145226
355.82166920161586
292.627032867328
308.6902744688755
352.4375161535562
300.3842289141509
311.16320023548707
313.18744251659706
345.99787440512364
307.5200957914595
331.43931103836
303.5603722980954
303.331229726525
331.6091561779192
299.26939761610265
288.98830752643255
311.89556347208025
336.77168999817775
332.2988231153936
300.8896896496006
304.62147330296773
321.15495567167807
371.55250959216244
298.58874784547396
301.4694718722861
350.2872326958253
309.1483657180627
330.8763778377688
295.6709476321125
298.26838924020285
359.3807714350705
292.47002279395565
328.82937243845186
355.0486348855453
321.3560493061249
319.1818462754676
301.8924794216445
305.6631770086298
333.05186831355996
270.5339023593228
307.9143732782679
295.07924937533204
317.0696119000422
306.0844220354242
336.1733457901616
340.3589317182404
301.98161234974344
301.144578815675
306.20928262788163
386.1595221501841
376.86196613453905
302.63556229431117
295.0529732222252
302.2693177447859
283.098617208764
346.5965671399888
334.5305479501092
322.741570434528
