406.73652898556577
491.9810197908349
416.2251821919367
312.5179821899094
391.4587892196308
343.5926471540657
432.17137759375584
355.29343369342035
366.7386752209313
394.8554544910496
448.5734989809148
418.97526503214834
380.39679121460426
344.0964663650926
334.59794491930353
389.30307726233053
317.7279427348266
441.5687027142878
312.0806512014764
377.73797561819225
359.40933117710443
357.18907745170065
347.70679474607846
400.93355267663395
368.26474953075893
402.8442797723145
405.52653375611914
387.04690681143944
435.7229675552454
401.78684914655986
374.901778640254
465.8826285029965
350.2529263098943
387.7999138112224
410.76300045653716
396.00743142733364
398.6698417943882
429.3166468404506
405.15079128639593
365.4436113512735
362.2370036997736
389.3037644617593
395.10686427322065
