309.7015627659888
326.56894297839955
281.5544520375933
370.2683825060834
288.8285868800272
313.3144963173064
307.0516577283714
317.5910825042363
283.4378103599346
318.4430784792799
341.4942046100062
324.051302115219
322.31824799508416
376.6986868514002
332.5849479516259
318.47113789067583
331.8154001479924
303.82807251630436
315.32175440396014
317.44302364329997
304.72336558990924
307.66865136972626
341.02223434992885
334.40412531309096
314.18420308560513
308.12371601618025
300.9114166637459
347.8611206285475
341.5930767879003
348.49003656609364
343.5867503135976
325.22935142206336
307.54542365200336
331.78492886884794
312.48225354068484
317.94966255972054
325.4590490040267
333.7888774779489
